(a)=(7, 17, 18) (b)=(7, 17, 18)

a=[[[4.923253e+24 4.923253e+24 4.923253e+24 ... 4.923253e+24 4.923253e+24
   4.923253e+24]
  [4.923253e+24 4.923253e+24 4.923253e+24 ... 4.923253e+24 4.923253e+24
   4.923253e+24]
  [4.923253e+24 4.923253e+24 4.923253e+24 ... 4.923253e+24 4.923253e+24
   4.923253e+24]
  ...
  [4.923253e+24 4.923253e+24 4.923253e+24 ... 4.923253e+24 4.923253e+24
   4.923253e+24]
  [4.923253e+24 4.923253e+24 4.923253e+24 ... 4.923253e+24 4.923253e+24
   4.923253e+24]
  [4.923253e+24 4.923253e+24 4.923253e+24 ... 4.923253e+24 4.923253e+24
   4.923253e+24]]

 [[        -inf         -inf         -inf ...         -inf         -inf
           -inf]
  [        -inf         -inf         -inf ...         -inf         -inf
           -inf]
  [        -inf         -inf         -inf ...         -inf         -inf
           -inf]
  ...
  [        -inf         -inf         -inf ...         -inf         -inf
           -inf]
  [        -inf         -inf         -inf ...         -inf         -inf
           -inf]
  [        -inf         -inf         -inf ...         -inf         -inf
           -inf]]

 [[4.923253e+24 4.923253e+24 4.923253e+24 ... 4.923253e+24 4.923253e+24
   4.923253e+24]
  [4.923253e+24 4.923253e+24 4.923253e+24 ... 4.923253e+24 4.923253e+24
   4.923253e+24]
  [4.923253e+24 4.923253e+24 4.923253e+24 ... 4.923253e+24 4.923253e+24
   4.923253e+24]
  ...
  [4.923253e+24 4.923253e+24 4.923253e+24 ... 4.923253e+24 4.923253e+24
   4.923253e+24]
  [4.923253e+24 4.923253e+24 4.923253e+24 ... 4.923253e+24 4.923253e+24
   4.923253e+24]
  [4.923253e+24 4.923253e+24 4.923253e+24 ... 4.923253e+24 4.923253e+24
   4.923253e+24]]

 ...

 [[4.923253e+24 4.923253e+24 4.923253e+24 ... 4.923253e+24 4.923253e+24
   4.923253e+24]
  [4.923253e+24 4.923253e+24 4.923253e+24 ... 4.923253e+24 4.923253e+24
   4.923253e+24]
  [4.923253e+24 4.923253e+24 4.923253e+24 ... 4.923253e+24 4.923253e+24
   4.923253e+24]
  ...
  [4.923253e+24 4.923253e+24 4.923253e+24 ... 4.923253e+24 4.923253e+24
   4.923253e+24]
  [4.923253e+24 4.923253e+24 4.923253e+24 ... 4.923253e+24 4.923253e+24
   4.923253e+24]
  [4.923253e+24 4.923253e+24 4.923253e+24 ... 4.923253e+24 4.923253e+24
   4.923253e+24]]

 [[4.923253e+24 4.923253e+24 4.923253e+24 ... 4.923253e+24 4.923253e+24
   4.923253e+24]
  [4.923253e+24 4.923253e+24 4.923253e+24 ... 4.923253e+24 4.923253e+24
   4.923253e+24]
  [4.923253e+24 4.923253e+24 4.923253e+24 ... 4.923253e+24 4.923253e+24
   4.923253e+24]
  ...
  [4.923253e+24 4.923253e+24 4.923253e+24 ... 4.923253e+24 4.923253e+24
   4.923253e+24]
  [4.923253e+24 4.923253e+24 4.923253e+24 ... 4.923253e+24 4.923253e+24
   4.923253e+24]
  [4.923253e+24 4.923253e+24 4.923253e+24 ... 4.923253e+24 4.923253e+24
   4.923253e+24]]

 [[4.923253e+24 4.923253e+24 4.923253e+24 ... 4.923253e+24 4.923253e+24
   4.923253e+24]
  [4.923253e+24 4.923253e+24 4.923253e+24 ... 4.923253e+24 4.923253e+24
   4.923253e+24]
  [4.923253e+24 4.923253e+24 4.923253e+24 ... 4.923253e+24 4.923253e+24
   4.923253e+24]
  ...
  [4.923253e+24 4.923253e+24 4.923253e+24 ... 4.923253e+24 4.923253e+24
   4.923253e+24]
  [4.923253e+24 4.923253e+24 4.923253e+24 ... 4.923253e+24 4.923253e+24
   4.923253e+24]
  [4.923253e+24 4.923253e+24 4.923253e+24 ... 4.923253e+24 4.923253e+24
   4.923253e+24]]] 
b=[[[4.923253e+24 4.923253e+24 4.923253e+24 ... 4.923253e+24 4.923253e+24
   4.923253e+24]
  [4.923253e+24 4.923253e+24 4.923253e+24 ... 4.923253e+24 4.923253e+24
   4.923253e+24]
  [4.923253e+24 4.923253e+24 4.923253e+24 ... 4.923253e+24 4.923253e+24
   4.923253e+24]
  ...
  [4.923253e+24 4.923253e+24 4.923253e+24 ... 4.923253e+24 4.923253e+24
   4.923253e+24]
  [4.923253e+24 4.923253e+24 4.923253e+24 ... 4.923253e+24 4.923253e+24
   4.923253e+24]
  [4.923253e+24 4.923253e+24 4.923253e+24 ... 4.923253e+24 4.923253e+24
   4.923253e+24]]

 [[        -inf         -inf         -inf ...         -inf         -inf
           -inf]
  [        -inf         -inf         -inf ...         -inf         -inf
           -inf]
  [        -inf         -inf         -inf ...         -inf         -inf
           -inf]
  ...
  [        -inf         -inf         -inf ...         -inf         -inf
           -inf]
  [        -inf         -inf         -inf ...         -inf         -inf
           -inf]
  [        -inf         -inf         -inf ...         -inf         -inf
           -inf]]

 [[4.923253e+24 4.923253e+24 4.923253e+24 ... 4.923253e+24 4.923253e+24
   4.923253e+24]
  [4.923253e+24 4.923253e+24 4.923253e+24 ... 4.923253e+24 4.923253e+24
   4.923253e+24]
  [4.923253e+24 4.923253e+24 4.923253e+24 ... 4.923253e+24 4.923253e+24
   4.923253e+24]
  ...
  [4.923253e+24 4.923253e+24 4.923253e+24 ... 4.923253e+24 4.923253e+24
   4.923253e+24]
  [4.923253e+24 4.923253e+24 4.923253e+24 ... 4.923253e+24 4.923253e+24
   4.923253e+24]
  [4.923253e+24 4.923253e+24 4.923253e+24 ... 4.923253e+24 4.923253e+24
   4.923253e+24]]

 ...

 [[4.923253e+24 4.923253e+24 4.923253e+24 ... 4.923253e+24 4.923253e+24
   4.923253e+24]
  [4.923253e+24 4.923253e+24 4.923253e+24 ... 4.923253e+24 4.923253e+24
   4.923253e+24]
  [4.923253e+24 4.923253e+24 4.923253e+24 ... 4.923253e+24 4.923253e+24
   4.923253e+24]
  ...
  [4.923253e+24 4.923253e+24 4.923253e+24 ... 4.923253e+24 4.923253e+24
   4.923253e+24]
  [4.923253e+24 4.923253e+24 4.923253e+24 ... 4.923253e+24 4.923253e+24
   4.923253e+24]
  [4.923253e+24 4.923253e+24 4.923253e+24 ... 4.923253e+24 4.923253e+24
   4.923253e+24]]

 [[4.923253e+24 4.923253e+24 4.923253e+24 ... 4.923253e+24 4.923253e+24
   4.923253e+24]
  [4.923253e+24 4.923253e+24 4.923253e+24 ... 4.923253e+24 4.923253e+24
   4.923253e+24]
  [4.923253e+24 4.923253e+24 4.923253e+24 ... 4.923253e+24 4.923253e+24
   4.923253e+24]
  ...
  [4.923253e+24 4.923253e+24 4.923253e+24 ... 4.923253e+24 4.923253e+24
   4.923253e+24]
  [4.923253e+24 4.923253e+24 4.923253e+24 ... 4.923253e+24 4.923253e+24
   4.923253e+24]
  [4.923253e+24 4.923253e+24 4.923253e+24 ... 4.923253e+24 4.923253e+24
   4.923253e+24]]

 [[4.923253e+24 4.923253e+24 4.923253e+24 ... 4.923253e+24 4.923253e+24
   4.923253e+24]
  [4.923253e+24 4.923253e+24 4.923253e+24 ... 4.923253e+24 4.923253e+24
   4.923253e+24]
  [4.923253e+24 4.923253e+24 4.923253e+24 ... 4.923253e+24 4.923253e+24
   4.923253e+24]
  ...
  [4.923253e+24 4.923253e+24 4.923253e+24 ... 4.923253e+24 4.923253e+24
   4.923253e+24]
  [4.923253e+24 4.923253e+24 4.923253e+24 ... 4.923253e+24 4.923253e+24
   4.923253e+24]
  [4.923253e+24 4.923253e+24 4.923253e+24 ... 4.923253e+24 4.923253e+24
   4.923253e+24]]]

