(a)=(2, 3, 13) (b)=(2, 3, 13) (c)=(2, 5, 15)

a=[[[4.239133e+15 4.239133e+15 4.239133e+15 4.239133e+15         -inf
           -inf         -inf         -inf         -inf 4.239133e+15
   4.239133e+15 4.239133e+15 4.239133e+15]
  [4.239133e+15 4.239133e+15 4.239133e+15 4.239133e+15         -inf
           -inf         -inf         -inf         -inf 4.239133e+15
   4.239133e+15 4.239133e+15 4.239133e+15]
  [4.239133e+15 4.239133e+15 4.239133e+15 4.239133e+15         -inf
           -inf         -inf         -inf         -inf 4.239133e+15
   4.239133e+15 4.239133e+15 4.239133e+15]]

 [[4.239133e+15 4.239133e+15 4.239133e+15 4.239133e+15 4.239133e+15
   4.239133e+15 4.239133e+15 4.239133e+15 4.239133e+15 4.239133e+15
   4.239133e+15 4.239133e+15 4.239133e+15]
  [4.239133e+15 4.239133e+15 4.239133e+15 4.239133e+15 4.239133e+15
   4.239133e+15 4.239133e+15 4.239133e+15 4.239133e+15 4.239133e+15
   4.239133e+15 4.239133e+15 4.239133e+15]
  [4.239133e+15 4.239133e+15 4.239133e+15 4.239133e+15 4.239133e+15
   4.239133e+15 4.239133e+15 4.239133e+15 4.239133e+15 4.239133e+15
   4.239133e+15 4.239133e+15 4.239133e+15]]] 
b=[[[4.239133e+15 4.239133e+15 4.239133e+15 4.239133e+15         -inf
           -inf         -inf         -inf         -inf 4.239133e+15
   4.239133e+15 4.239133e+15 4.239133e+15]
  [4.239133e+15 4.239133e+15 4.239133e+15 4.239133e+15         -inf
           -inf         -inf         -inf         -inf 4.239133e+15
   4.239133e+15 4.239133e+15 4.239133e+15]
  [4.239133e+15 4.239133e+15 4.239133e+15 4.239133e+15         -inf
           -inf         -inf         -inf         -inf 4.239133e+15
   4.239133e+15 4.239133e+15 4.239133e+15]]

 [[4.239133e+15 4.239133e+15 4.239133e+15 4.239133e+15 4.239133e+15
   4.239133e+15 4.239133e+15 4.239133e+15 4.239133e+15 4.239133e+15
   4.239133e+15 4.239133e+15 4.239133e+15]
  [4.239133e+15 4.239133e+15 4.239133e+15 4.239133e+15 4.239133e+15
   4.239133e+15 4.239133e+15 4.239133e+15 4.239133e+15 4.239133e+15
   4.239133e+15 4.239133e+15 4.239133e+15]
  [4.239133e+15 4.239133e+15 4.239133e+15 4.239133e+15 4.239133e+15
   4.239133e+15 4.239133e+15 4.239133e+15 4.239133e+15 4.239133e+15
   4.239133e+15 4.239133e+15 4.239133e+15]]] 
 c=[[[2.54348e+15 2.54348e+15 2.54348e+15 2.54348e+15 2.54348e+15
   2.54348e+15        -inf        -inf        -inf 2.54348e+15
   2.54348e+15 2.54348e+15 2.54348e+15 2.54348e+15 2.54348e+15]
  [2.54348e+15 2.54348e+15 2.54348e+15 2.54348e+15 2.54348e+15
   2.54348e+15        -inf        -inf        -inf 2.54348e+15
   2.54348e+15 2.54348e+15 2.54348e+15 2.54348e+15 2.54348e+15]
  [2.54348e+15 2.54348e+15 2.54348e+15 2.54348e+15 2.54348e+15
   2.54348e+15        -inf        -inf        -inf 2.54348e+15
   2.54348e+15 2.54348e+15 2.54348e+15 2.54348e+15 2.54348e+15]
  [2.54348e+15 2.54348e+15 2.54348e+15 2.54348e+15 2.54348e+15
   2.54348e+15        -inf        -inf        -inf 2.54348e+15
   2.54348e+15 2.54348e+15 2.54348e+15 2.54348e+15 2.54348e+15]
  [2.54348e+15 2.54348e+15 2.54348e+15 2.54348e+15 2.54348e+15
   2.54348e+15        -inf        -inf        -inf 2.54348e+15
   2.54348e+15 2.54348e+15 2.54348e+15 2.54348e+15 2.54348e+15]]

 [[2.54348e+15 2.54348e+15 2.54348e+15 2.54348e+15 2.54348e+15
   2.54348e+15 2.54348e+15 2.54348e+15 2.54348e+15 2.54348e+15
   2.54348e+15 2.54348e+15 2.54348e+15 2.54348e+15 2.54348e+15]
  [2.54348e+15 2.54348e+15 2.54348e+15 2.54348e+15 2.54348e+15
   2.54348e+15 2.54348e+15 2.54348e+15 2.54348e+15 2.54348e+15
   2.54348e+15 2.54348e+15 2.54348e+15 2.54348e+15 2.54348e+15]
  [2.54348e+15 2.54348e+15 2.54348e+15 2.54348e+15 2.54348e+15
   2.54348e+15 2.54348e+15 2.54348e+15 2.54348e+15 2.54348e+15
   2.54348e+15 2.54348e+15 2.54348e+15 2.54348e+15 2.54348e+15]
  [2.54348e+15 2.54348e+15 2.54348e+15 2.54348e+15 2.54348e+15
   2.54348e+15 2.54348e+15 2.54348e+15 2.54348e+15 2.54348e+15
   2.54348e+15 2.54348e+15 2.54348e+15 2.54348e+15 2.54348e+15]
  [2.54348e+15 2.54348e+15 2.54348e+15 2.54348e+15 2.54348e+15
   2.54348e+15 2.54348e+15 2.54348e+15 2.54348e+15 2.54348e+15
   2.54348e+15 2.54348e+15 2.54348e+15 2.54348e+15 2.54348e+15]]]

