(a)=(7, 17, 18) (b)=(7, 17, 18) (c)=(7, 53, 54)

a=[[[2.8458713e+17 2.8458713e+17 2.8458713e+17 ... 2.8458713e+17
   2.8458713e+17 2.8458713e+17]
  [2.8458713e+17 2.8458713e+17 2.8458713e+17 ... 2.8458713e+17
   2.8458713e+17 2.8458713e+17]
  [2.8458713e+17 2.8458713e+17 2.8458713e+17 ... 2.8458713e+17
   2.8458713e+17 2.8458713e+17]
  ...
  [2.8458713e+17 2.8458713e+17 2.8458713e+17 ... 2.8458713e+17
   2.8458713e+17 2.8458713e+17]
  [2.8458713e+17 2.8458713e+17 2.8458713e+17 ... 2.8458713e+17
   2.8458713e+17 2.8458713e+17]
  [2.8458713e+17 2.8458713e+17 2.8458713e+17 ... 2.8458713e+17
   2.8458713e+17 2.8458713e+17]]

 [[          inf           inf           inf ...           inf
             inf           inf]
  [          inf           inf           inf ...           inf
             inf           inf]
  [          inf           inf           inf ...           inf
             inf           inf]
  ...
  [          inf           inf           inf ...           inf
             inf           inf]
  [          inf           inf           inf ...           inf
             inf           inf]
  [          inf           inf           inf ...           inf
             inf           inf]]

 [[2.8458713e+17 2.8458713e+17 2.8458713e+17 ... 2.8458713e+17
   2.8458713e+17 2.8458713e+17]
  [2.8458713e+17 2.8458713e+17 2.8458713e+17 ... 2.8458713e+17
   2.8458713e+17 2.8458713e+17]
  [2.8458713e+17 2.8458713e+17 2.8458713e+17 ... 2.8458713e+17
   2.8458713e+17 2.8458713e+17]
  ...
  [2.8458713e+17 2.8458713e+17 2.8458713e+17 ... 2.8458713e+17
   2.8458713e+17 2.8458713e+17]
  [2.8458713e+17 2.8458713e+17 2.8458713e+17 ... 2.8458713e+17
   2.8458713e+17 2.8458713e+17]
  [2.8458713e+17 2.8458713e+17 2.8458713e+17 ... 2.8458713e+17
   2.8458713e+17 2.8458713e+17]]

 ...

 [[2.8458713e+17 2.8458713e+17 2.8458713e+17 ... 2.8458713e+17
   2.8458713e+17 2.8458713e+17]
  [2.8458713e+17 2.8458713e+17 2.8458713e+17 ... 2.8458713e+17
   2.8458713e+17 2.8458713e+17]
  [2.8458713e+17 2.8458713e+17 2.8458713e+17 ... 2.8458713e+17
   2.8458713e+17 2.8458713e+17]
  ...
  [2.8458713e+17 2.8458713e+17 2.8458713e+17 ... 2.8458713e+17
   2.8458713e+17 2.8458713e+17]
  [2.8458713e+17 2.8458713e+17 2.8458713e+17 ... 2.8458713e+17
   2.8458713e+17 2.8458713e+17]
  [2.8458713e+17 2.8458713e+17 2.8458713e+17 ... 2.8458713e+17
   2.8458713e+17 2.8458713e+17]]

 [[2.8458713e+17 2.8458713e+17 2.8458713e+17 ... 2.8458713e+17
   2.8458713e+17 2.8458713e+17]
  [2.8458713e+17 2.8458713e+17 2.8458713e+17 ... 2.8458713e+17
   2.8458713e+17 2.8458713e+17]
  [2.8458713e+17 2.8458713e+17 2.8458713e+17 ... 2.8458713e+17
   2.8458713e+17 2.8458713e+17]
  ...
  [2.8458713e+17 2.8458713e+17 2.8458713e+17 ... 2.8458713e+17
   2.8458713e+17 2.8458713e+17]
  [2.8458713e+17 2.8458713e+17 2.8458713e+17 ... 2.8458713e+17
   2.8458713e+17 2.8458713e+17]
  [2.8458713e+17 2.8458713e+17 2.8458713e+17 ... 2.8458713e+17
   2.8458713e+17 2.8458713e+17]]

 [[2.8458713e+17 2.8458713e+17 2.8458713e+17 ... 2.8458713e+17
   2.8458713e+17 2.8458713e+17]
  [2.8458713e+17 2.8458713e+17 2.8458713e+17 ... 2.8458713e+17
   2.8458713e+17 2.8458713e+17]
  [2.8458713e+17 2.8458713e+17 2.8458713e+17 ... 2.8458713e+17
   2.8458713e+17 2.8458713e+17]
  ...
  [2.8458713e+17 2.8458713e+17 2.8458713e+17 ... 2.8458713e+17
   2.8458713e+17 2.8458713e+17]
  [2.8458713e+17 2.8458713e+17 2.8458713e+17 ... 2.8458713e+17
   2.8458713e+17 2.8458713e+17]
  [2.8458713e+17 2.8458713e+17 2.8458713e+17 ... 2.8458713e+17
   2.8458713e+17 2.8458713e+17]]] 
b=[[[2.8458713e+17 2.8458713e+17 2.8458713e+17 ... 2.8458713e+17
   2.8458713e+17 2.8458713e+17]
  [2.8458713e+17 2.8458713e+17 2.8458713e+17 ... 2.8458713e+17
   2.8458713e+17 2.8458713e+17]
  [2.8458713e+17 2.8458713e+17 2.8458713e+17 ... 2.8458713e+17
   2.8458713e+17 2.8458713e+17]
  ...
  [2.8458713e+17 2.8458713e+17 2.8458713e+17 ... 2.8458713e+17
   2.8458713e+17 2.8458713e+17]
  [2.8458713e+17 2.8458713e+17 2.8458713e+17 ... 2.8458713e+17
   2.8458713e+17 2.8458713e+17]
  [2.8458713e+17 2.8458713e+17 2.8458713e+17 ... 2.8458713e+17
   2.8458713e+17 2.8458713e+17]]

 [[          inf           inf           inf ...           inf
             inf           inf]
  [          inf           inf           inf ...           inf
             inf           inf]
  [          inf           inf           inf ...           inf
             inf           inf]
  ...
  [          inf           inf           inf ...           inf
             inf           inf]
  [          inf           inf           inf ...           inf
             inf           inf]
  [          inf           inf           inf ...           inf
             inf           inf]]

 [[2.8458713e+17 2.8458713e+17 2.8458713e+17 ... 2.8458713e+17
   2.8458713e+17 2.8458713e+17]
  [2.8458713e+17 2.8458713e+17 2.8458713e+17 ... 2.8458713e+17
   2.8458713e+17 2.8458713e+17]
  [2.8458713e+17 2.8458713e+17 2.8458713e+17 ... 2.8458713e+17
   2.8458713e+17 2.8458713e+17]
  ...
  [2.8458713e+17 2.8458713e+17 2.8458713e+17 ... 2.8458713e+17
   2.8458713e+17 2.8458713e+17]
  [2.8458713e+17 2.8458713e+17 2.8458713e+17 ... 2.8458713e+17
   2.8458713e+17 2.8458713e+17]
  [2.8458713e+17 2.8458713e+17 2.8458713e+17 ... 2.8458713e+17
   2.8458713e+17 2.8458713e+17]]

 ...

 [[2.8458713e+17 2.8458713e+17 2.8458713e+17 ... 2.8458713e+17
   2.8458713e+17 2.8458713e+17]
  [2.8458713e+17 2.8458713e+17 2.8458713e+17 ... 2.8458713e+17
   2.8458713e+17 2.8458713e+17]
  [2.8458713e+17 2.8458713e+17 2.8458713e+17 ... 2.8458713e+17
   2.8458713e+17 2.8458713e+17]
  ...
  [2.8458713e+17 2.8458713e+17 2.8458713e+17 ... 2.8458713e+17
   2.8458713e+17 2.8458713e+17]
  [2.8458713e+17 2.8458713e+17 2.8458713e+17 ... 2.8458713e+17
   2.8458713e+17 2.8458713e+17]
  [2.8458713e+17 2.8458713e+17 2.8458713e+17 ... 2.8458713e+17
   2.8458713e+17 2.8458713e+17]]

 [[2.8458713e+17 2.8458713e+17 2.8458713e+17 ... 2.8458713e+17
   2.8458713e+17 2.8458713e+17]
  [2.8458713e+17 2.8458713e+17 2.8458713e+17 ... 2.8458713e+17
   2.8458713e+17 2.8458713e+17]
  [2.8458713e+17 2.8458713e+17 2.8458713e+17 ... 2.8458713e+17
   2.8458713e+17 2.8458713e+17]
  ...
  [2.8458713e+17 2.8458713e+17 2.8458713e+17 ... 2.8458713e+17
   2.8458713e+17 2.8458713e+17]
  [2.8458713e+17 2.8458713e+17 2.8458713e+17 ... 2.8458713e+17
   2.8458713e+17 2.8458713e+17]
  [2.8458713e+17 2.8458713e+17 2.8458713e+17 ... 2.8458713e+17
   2.8458713e+17 2.8458713e+17]]

 [[2.8458713e+17 2.8458713e+17 2.8458713e+17 ... 2.8458713e+17
   2.8458713e+17 2.8458713e+17]
  [2.8458713e+17 2.8458713e+17 2.8458713e+17 ... 2.8458713e+17
   2.8458713e+17 2.8458713e+17]
  [2.8458713e+17 2.8458713e+17 2.8458713e+17 ... 2.8458713e+17
   2.8458713e+17 2.8458713e+17]
  ...
  [2.8458713e+17 2.8458713e+17 2.8458713e+17 ... 2.8458713e+17
   2.8458713e+17 2.8458713e+17]
  [2.8458713e+17 2.8458713e+17 2.8458713e+17 ... 2.8458713e+17
   2.8458713e+17 2.8458713e+17]
  [2.8458713e+17 2.8458713e+17 2.8458713e+17 ... 2.8458713e+17
   2.8458713e+17 2.8458713e+17]]] 
 c=[[[9.128267e+16 9.128267e+16 9.128267e+16 ... 9.128267e+16 9.128267e+16
   9.128267e+16]
  [9.128267e+16 9.128267e+16 9.128267e+16 ... 9.128267e+16 9.128267e+16
   9.128267e+16]
  [9.128267e+16 9.128267e+16 9.128267e+16 ... 9.128267e+16 9.128267e+16
   9.128267e+16]
  ...
  [9.128267e+16 9.128267e+16 9.128267e+16 ... 9.128267e+16 9.128267e+16
   9.128267e+16]
  [9.128267e+16 9.128267e+16 9.128267e+16 ... 9.128267e+16 9.128267e+16
   9.128267e+16]
  [9.128267e+16 9.128267e+16 9.128267e+16 ... 9.128267e+16 9.128267e+16
   9.128267e+16]]

 [[9.128267e+16 9.128267e+16 9.128267e+16 ... 9.128267e+16 9.128267e+16
   9.128267e+16]
  [9.128267e+16 9.128267e+16 9.128267e+16 ... 9.128267e+16 9.128267e+16
   9.128267e+16]
  [9.128267e+16 9.128267e+16 9.128267e+16 ... 9.128267e+16 9.128267e+16
   9.128267e+16]
  ...
  [9.128267e+16 9.128267e+16 9.128267e+16 ... 9.128267e+16 9.128267e+16
   9.128267e+16]
  [9.128267e+16 9.128267e+16 9.128267e+16 ... 9.128267e+16 9.128267e+16
   9.128267e+16]
  [9.128267e+16 9.128267e+16 9.128267e+16 ... 9.128267e+16 9.128267e+16
   9.128267e+16]]

 [[9.128267e+16 9.128267e+16 9.128267e+16 ... 9.128267e+16 9.128267e+16
   9.128267e+16]
  [9.128267e+16 9.128267e+16 9.128267e+16 ... 9.128267e+16 9.128267e+16
   9.128267e+16]
  [9.128267e+16 9.128267e+16 9.128267e+16 ... 9.128267e+16 9.128267e+16
   9.128267e+16]
  ...
  [9.128267e+16 9.128267e+16 9.128267e+16 ... 9.128267e+16 9.128267e+16
   9.128267e+16]
  [9.128267e+16 9.128267e+16 9.128267e+16 ... 9.128267e+16 9.128267e+16
   9.128267e+16]
  [9.128267e+16 9.128267e+16 9.128267e+16 ... 9.128267e+16 9.128267e+16
   9.128267e+16]]

 ...

 [[9.128267e+16 9.128267e+16 9.128267e+16 ... 9.128267e+16 9.128267e+16
   9.128267e+16]
  [9.128267e+16 9.128267e+16 9.128267e+16 ... 9.128267e+16 9.128267e+16
   9.128267e+16]
  [9.128267e+16 9.128267e+16 9.128267e+16 ... 9.128267e+16 9.128267e+16
   9.128267e+16]
  ...
  [9.128267e+16 9.128267e+16 9.128267e+16 ... 9.128267e+16 9.128267e+16
   9.128267e+16]
  [9.128267e+16 9.128267e+16 9.128267e+16 ... 9.128267e+16 9.128267e+16
   9.128267e+16]
  [9.128267e+16 9.128267e+16 9.128267e+16 ... 9.128267e+16 9.128267e+16
   9.128267e+16]]

 [[9.128267e+16 9.128267e+16 9.128267e+16 ... 9.128267e+16 9.128267e+16
   9.128267e+16]
  [9.128267e+16 9.128267e+16 9.128267e+16 ... 9.128267e+16 9.128267e+16
   9.128267e+16]
  [9.128267e+16 9.128267e+16 9.128267e+16 ... 9.128267e+16 9.128267e+16
   9.128267e+16]
  ...
  [9.128267e+16 9.128267e+16 9.128267e+16 ... 9.128267e+16 9.128267e+16
   9.128267e+16]
  [9.128267e+16 9.128267e+16 9.128267e+16 ... 9.128267e+16 9.128267e+16
   9.128267e+16]
  [9.128267e+16 9.128267e+16 9.128267e+16 ... 9.128267e+16 9.128267e+16
   9.128267e+16]]

 [[9.128267e+16 9.128267e+16 9.128267e+16 ... 9.128267e+16 9.128267e+16
   9.128267e+16]
  [9.128267e+16 9.128267e+16 9.128267e+16 ... 9.128267e+16 9.128267e+16
   9.128267e+16]
  [9.128267e+16 9.128267e+16 9.128267e+16 ... 9.128267e+16 9.128267e+16
   9.128267e+16]
  ...
  [9.128267e+16 9.128267e+16 9.128267e+16 ... 9.128267e+16 9.128267e+16
   9.128267e+16]
  [9.128267e+16 9.128267e+16 9.128267e+16 ... 9.128267e+16 9.128267e+16
   9.128267e+16]
  [9.128267e+16 9.128267e+16 9.128267e+16 ... 9.128267e+16 9.128267e+16
   9.128267e+16]]]

